-- Q39 EXPLAIN ANALYZE (SF10)
-- State: baseline
-- Best speedup: 1.00x
-- Source SQL: /mnt/d/TPC-DS/queries_duckdb_converted/query_39.sql

1
1928
1
210.8
1.69594982790346
1
1928
2
484.5
1.16902483329293
1
54752
1
261.75
1.5073085806361102
1
54752
2
446.75
1.0736821631100828
1
82564
1
250.4
1.6343202725971433
1
82564
2
438.0
1.0764027063105321
1
100174
1
211.5
1.6793258650283533
1
100174
2
346.5
1.2116870887080269
2
5006
1
181.25
1.622415319969477
2
5006
2
285.0
1.3089130256477597
2
27524
1
256.0
1.620809776834497
2
27524
2
254.75
1.2170201570943389
2
28906
1
254.8
1.5560355896184677
2
28906
2
102.0
1.5729413720112706
2
42956
1
313.3333333333333
1.5333813902625864
2
42956
2
387.6666666666667
1.2572328080460442
2
57373
1
304.25
1.522384939819962
2
57373
2
314.75
1.4279007811572557
2
71716
1
200.0
1.659431378514942
2
71716
2
282.5
1.0791158812566213
2
78206
1
291.0
1.5274466329475207
2
78206
2
311.5
1.2435944100573888
3
5605
1
164.4
1.5670993409927003
3
5605
2
242.0
1.0580018832131801
3
25238
1
208.2
1.7611582682891798
3
25238
2
435.0
1.000830236232043
3
30763
1
255.75
1.5592085262744024
3
30763
2
173.25
1.2136628689869549
3
42091
1
252.0
1.654759525711053
3
42091
2
347.5
1.1047699020208501
3
49147
1
254.0
1.6566852414420723
3
49147
2
369.6666666666667
1.0523526821156717
3
50398
1
227.2
1.5317989074219927
3
50398
2
282.75
1.1065814149224618
3
78868
1
226.0
1.8489884588427021
3
78868
2
348.75
1.0926609370781666
4
8318
1
217.4
1.5125339347027211
4
8318
2
405.25
1.0060384684829216
4
36770
1
267.8
1.5417127779433062
4
36770
2
343.5
1.212676908997409
4
79117
1
265.6666666666667
1.57622680199623
4
79117
2
216.25
1.0623256359736215
4
97669
1
259.5
1.6195809442560738
4
97669
2
355.3333333333333
1.0715688854695105
5
26737
1
238.5
1.5930357660231145
5
26737
2
257.0
1.4234705393889786
5
29887
1
257.6
1.517880970726856
5
29887
2
448.5
1.1169900980726077
5
49735
1
282.5
1.5157209086336403
5
49735
2
461.25
1.1372431034339994
6
29066
1
298.25
1.564665409234765
6
29066
2
119.66666666666667
1.0649706672093995
6
33001
1
169.8
1.6109440349581006
6
33001
2
369.75
1.0594795978239935
7
6200
1
221.8
1.514174983814514
7
6200
2
354.5
1.2622260166438823
7
11605
1
156.6
1.6226240862046848
7
11605
2
244.66666666666666
1.4005681515059338
7
48901
1
208.6
1.6786315133735086
7
48901
2
308.75
1.1502289586291705
7
70450
1
224.33333333333334
1.520002787700547
7
70450
2
389.75
1.034469029950843
7
74260
1
223.4
1.505302381952125
7
74260
2
261.25
1.6936530287048583
7
77906
1
241.6
1.6597697602014216
7
77906
2
363.75
1.0488861227713773
7
78619
1
271.5
1.5338227172707442
7
78619
2
402.25
1.033589683114352
8
2030
1
225.0
1.5679443174794343
8
2030
2
370.75
1.1883342103850192
8
6607
1
218.0
1.5256828324977427
8
6607
2
346.5
1.120162033186586
8
34804
1
247.8
1.633999895415686
8
34804
2
332.75
1.0897463134758922
8
46928
1
277.75
1.6195174902272162
8
46928
2
341.5
1.0379437830390454
8
60670
1
172.4
1.509573412364425
8
60670
2
350.5
1.0223844114677882
8
66814
1
210.2
1.5251424079154332
8
66814
2
310.0
1.5212439457759013
8
75649
1
244.0
1.616337882417798
8
75649
2
437.0
1.0452882852322876
8
79141
1
245.25
1.5956045320176713
8
79141
2
199.5
1.1275447544186823
8
80074
1
237.0
1.7032255891298582
8
80074
2
241.5
1.0693309532703505
8
83155
1
243.25
1.6743196825500224
8
83155
2
379.0
1.1754017734763191
8
96895
1
245.0
1.593011950623702
8
96895
2
344.25
1.274845281407113
9
41239
1
285.75
1.5149465098063413
9
41239
2
417.25
1.080604854749721
9
81680
1
180.2
1.5775763823799038
9
81680
2
214.0
1.714254953022765
9
101126
1
179.0
1.5685495464076342
9
101126
2
250.0
1.3075085723109685
10
30346
1
119.4
1.834702354479506
10
30346
2
267.3333333333333
1.0726620399576443
10
51802
1
161.25
1.774614396039921
10
51802
2
275.5
1.3834139929566212
10
80803
1
247.6
1.6898137994516782
10
80803
2
255.0
1.4133070732328599
10
94124
1
274.5
1.7042393783665122
10
94124
2
327.25
1.3340666287810417