-- Q14 EXPLAIN ANALYZE (SF10)
-- State: baseline
-- Best speedup: 0.95x
-- Source SQL: /mnt/d/TPC-DS/queries_duckdb_converted/query_14.sql

store
1001001
1
1
391170.94
112
store
1001001
1
1
6165888.98
1717
store
1001001
1
2
339070.03
98
store
1001001
1
2
84063.94
23
store
1001001
1
3
370788.85
90
store
1001001
1
3
169336.29
41
store
1001001
1
4
510622.55
142
store
1001001
1
4
241737.38
62
store
1001001
1
5
324254.10
84
store
1001001
1
5
111879.82
32
store
1001001
1
6
279280.51
77
store
1001001
1
6
143858.24
43
store
1001001
1
7
347145.96
100
store
1001001
1
7
129139.73
43
store
1001001
1
8
328106.72
87
store
1001001
1
8
168327.12
54
store
1001001
1
9
222071.46
64
store
1001001
1
9
89662.24
30
store
1001001
1
10
458930.25
114
store
1001001
1
10
268658.37
77
store
1001001
2
1
46307.27
12
store
1001001
2
1
64551.08
16
store
1001001
2
2
135510.85
34
store
1001001
2
2
53015.99
17
store
1001001
2
3
51171.84
10
store
1001001
2
3
38918.24
11
store
1001001
2
4
43109.54
11
store
1001001
2
4
58872.31
17
store
1001001
2
5
18514.44
11
store
1001001
2
5
26773.28
8
store
1001001
2
7
14373.05
2
store
1001001
2
7
15761.54
3
store
1001001
2
8
41018.22
10
store
1001001
2
8
24187.25
6
store
1001001
3
1
89485.34
23
store
1001001
3
1
36930.62
7
store
1001001
3
2
70799.51
25
store
1001001
3
2
132320.08
33
store
1001001
3
3
38456.94
11
store
1001001
3
3
27200.53
6
store
1001001
3
4
61927.80
21
store
1001001
3
4
42157.89
10
store
1001001
3
6
23769.86
4
store
1001001
3
6
15724.99
5
store
1001001
3
7
35814.67
6
store
1001001
3
7
12059.63
3
store
1001001
3
10
4521.82
2
store
1001001
3
10
22150.19
4
store
1001001
4
1
96061.85
29
store
1001001
4
1
83375.54
27
store
1001001
4
2
79221.11
24
store
1001001
4
2
55954.16
15
store
1001001
4
3
104637.57
20
store
1001001
4
3
18920.63
9
store
1001001
4
4
32334.06
9
store
1001001
4
4
65042.33
18
store
1001001
4
5
78053.37
21
store
1001001
4
5
53854.59
11
store
1001001
4
6
30560.60
11
store
1001001
4
6
87197.49
19
store
1001001
5
10
60351.36
18
store
1001001
5
10
32811.30
7
store
1001001
7
6
56917.35
13
store
1001001
7
6
16475.55
3
store
1001001
8
9
14011.98
3
store
1001001
8
9
5930.68
3
store
1001001
9
6
41348.25
7
store
1001001
9
6
21520.94
6
store
1001001
9
7
49305.25
11
store
1001001
9
7
12232.98
2
store
1001001
9
8
80139.34
18
store
1001001
9
8
26748.71
10
store
1001001
9
10
43734.52
9
store
1001001
9
10
9717.04
3
store
1001001
10
9
18195.41
8
store
1001001
10
9
14305.27
8
store
1001001
10
10
23522.72
7
store
1001001
10
10
20907.49
6
store
1001001
11
7
16814.71
8
store
1001001
11
7
26416.22
11
store
1001001
11
9
39980.43
11
store
1001001
11
9
13901.39
6
store
1001001
12
6
7806.98
4
store
1001001
12
6
32836.04
6
store
1001001
12
8
74169.48
20
store
1001001
12
8
42613.44
10
store
1001001
12
9
15406.29
4
store
1001001
12
9
23471.87
7
store
1001001
13
7
87748.98
23
store
1001001
13
7
33391.03
7
store
1001001
13
8
36402.60
11
store
1001001
13
8
37665.74
9
store
1001001
14
6
74195.25
16
store
1001001
14
6
10644.45
4
store
1001001
14
8
29503.41
6
store
1001001
14
8
11408.40
4
store
1001001
15
7
20692.82
4
store
1001001
15
7
19475.68
5
store
1001001
15
8
48061.92
14
store
1001001
15
8
15352.01
4
store
1001001
15
9
36485.18
7
store
1001001
15
9
5984.44
3
store
1001001
15
10
57183.07
15
store
1001001
15
10
72737.19
13
store
1001001
16
7
30697.00
7
store
1001001
16
7
38881.27
9
store
1001001
16
8
39328.15
8
store
1001001
16
8
15805.22
7
store
1001001
16
9
18297.40
5
store
1001001
16
9
14886.80
4
store
1001001
16
10
27078.32
7
store
1001001
16
10
15919.63
3
store
1001002
1
1
10083959.81
2725
store
1001002
1
1
8412872.48
2248
store
1001002
2
1
517267.62
129
store
1001002
2
1
390547.18
98
store
1001002
3
1
659281.36
173
store
1001002
3
1
210151.20
63
store
1001002
4
1
570999.38
142
store
1001002
4
1
278468.20
75
store
1001002
5
1
86186.78
28
store
1001002
5
1
32205.62
10
store
1001002
6
1
150575.06
42
store
1001002
6
1
88787.94
32
store
1001002
7
1
133810.52
45
store
1001002
7
1
73876.77
18
store
1001002
8
1
123118.35
32
store
1001002
8
1
104416.66
25
store
1001002
9
1
95167.37
25
store
1001002
9
1
65033.53
17
store
1001002
10
1
62129.23
21
store
1001002
10
1
28618.65
10
store
1001002
11
1
35944.04
12
store
1001002
11
1
34641.55
11
store
1001002
12
1
99821.79
30
store
1001002
12
1
52584.49
17
store
1001002
13
1
25892.22
9
store
1001002
13
1
33017.96
11
store
1001002
14
1
50146.96
9
store
1001002
14
1
29391.32
10
store
1001002
15
1
72739.30
23
store
1001002
15
1
52175.42
14
store
1001002
16
1
163548.72
56
store
1001002
16
1
80667.43
29
store
1002001
1
1
118249.10
33
store
1002001
1
1
23678.76
15
store
1002001
1
2
149567.79
40
store
1002001
1
2
36577.15
14
store
1002001
1
3
28851.00
10
store
1002001
1
3
15714.72
4
store
1002001
1
4
66860.44
22
store
1002001
1
4
45561.82
14
store
1002001
1
5
82889.11
15
store
1002001
1
5
69038.49
15
store
1002001
1
6
47213.89
16
store
1002001
1
6
38526.38
13
store
1002001
1
7
67323.92
16
store
1002001
1
7
29076.65
10
store
1002001
1
9
28608.00
8
store
1002001
1
9
14122.36
3
store
1002001
2
1
335039.06
88
store
1002001
2
1
6970622.79
1929
store
1002001
2
2
438479.39
134
store
1002001
2
2
220477.65
60
store
1002001
2
3
434294.61
105
store
1002001
2
3
278313.61
65
store
1002001
2
4
540691.35
134
store
1002001
2
4
117588.13
29
store
1002001
2
5
293244.26
85
store
1002001
2
5
237278.27
59
store
1002001
2
6
347548.14
84
store
1002001
2
6
227434.71
61
store
1002001
2
7
262756.77
72
store
1002001
2
7
137381.01
43
store
1002001
2
8
467893.18
122
store
1002001
2
8
220761.43
63
store
1002001
2
9
176540.13
55
store
1002001
2
9
59629.97
20
store
1002001
2
10
370465.00
93
store
1002001
2
10
199921.93
60
store
1002001
3
1
88533.73
17
store
1002001
3
1
45899.23
9
store
1002001
3
2
59203.79
8
store
1002001
3
2
41759.88
10
store
1002001
3
4
11031.58
6
store
1002001
3
4
20596.96
8
store
1002001
3
7
54891.58
11
store
1002001
3
7
17249.26
6
store
1002001
3
8
38348.63
12
store
1002001
3
8
14308.68
2
store
1002001
4
1
79313.18
23
store
1002001
4
1
39949.13
15
store
1002001
4
2
69258.70
24
store
1002001
4
2
21308.65
10
store
1002001
4
3
93950.00
23
store
1002001
4
3
62580.52
17
store
1002001
4
4
47539.91
17
store
1002001
4
4
53878.40
12
store
1002001
4
5
106335.67
29
store
1002001
4
5
24959.65
7